0 0.31640625 0.246875 0.05859375 0.05078125
0 0.63125 0.2 0.05078125 0.03203125
0 0.5703125 0.2515625 0.021875 0.01875
0 0.55703125 0.22265625 0.01796875 0.0234375
0 0.46640625 0.25546875 0.02578125 0.0234375
0 0.39765625 0.2359375 0.0109375 0.01640625
0 0.19765625 0.12734375 0.0609375 0.040625
0 0.28828125 0.11640625 0.03046875 0.028125
0 0.346875 0.0640625 0.0375 0.0234375
0 0.4359375 0.03515625 0.0203125 0.01484375
0 0.41328125 0.05859375 0.01484375 0.01171875
0 0.478125 0.090625 0.0375 0.0171875
0 0.25234375 0.20859375 0.05859375 0.04453125
0 0.2625 0.16484375 0.02890625 0.01171875
0 0.05703125 0.171875 0.03515625 0.0265625
0 0.04296875 0.27734375 0.028125 0.0328125
0 0.071875 0.36015625 0.03203125 0.0203125
0 0.0453125 0.43515625 0.028125 0.03671875
0 0.20234375 0.459375 0.059375 0.0390625
0 0.2828125 0.42578125 0.03203125 0.021875
0 0.5625 0.4078125 0.02890625 0.02265625
0 0.5578125 0.36953125 0.0203125 0.01796875
0 0.6671875 0.35546875 0.02734375 0.0265625
0 0.69921875 0.1015625 0.03046875 0.03125
0 0.8578125 0.09140625 0.0421875 0.028125
0 0.934375 0.428125 0.03984375 0.04765625
0 0.35625 0.64453125 0.0453125 0.03828125
0 0.31875 0.68125 0.07578125 0.0484375
0 0.38671875 0.7359375 0.03828125 0.025
0 0.4234375 0.82109375 0.03515625 0.025
0 0.3015625 0.8640625 0.03515625 0.02265625
0 0.2921875 0.946875 0.06171875 0.0265625
0 0.62265625 0.68671875 0.05 0.03984375
0 0.61875 0.53046875 0.03125 0.02265625
0 0.159375 0.646875 0.034375 0.034375
0 0.184375 0.73671875 0.034375 0.01796875
0 0.57265625 0.73125 0.03359375 0.028125
0 0.6453125 0.72421875 0.02734375 0.02578125
0 0.56875 0.51328125 0.0375 0.03046875
0 0.6421875 0.640625 0.03359375 0.0296875
0 0.83515625 0.62734375 0.0421875 0.04609375