0 0.559375 0.55078125 0.3375 0.3109375
0 0.6578125 0.3265625 0.16875 0.20234375
0 0.8453125 0.19296875 0.1828125 0.2265625
0 0.31484375 0.39375 0.146875 0.14765625
0 0.18046875 0.41875 0.06875 0.09453125
0 0.23125 0.04296875 0.10234375 0.08515625
0 0.48203125 0.0328125 0.1296875 0.065625
0 0.303125 0.296875 0.0484375 0.03984375
0 0.5203125 0.340625 0.08125 0.096875
0 0.3390625 0.675 0.14609375 0.16484375
0 0.34921875 0.53125 0.11796875 0.109375
0 0.13359375 0.78359375 0.0921875 0.09921875
0 0.196875 0.88515625 0.0859375 0.09765625
0 0.48671875 0.85625 0.12109375 0.13203125
0 0.64921875 0.7078125 0.11171875 0.11328125
0 0.8296875 0.428125 0.1203125 0.134375
0 0.89609375 0.496875 0.078125 0.096875
0 0.984375 0.50625 0.03125 0.1109375
0 0.95390625 0.3828125 0.0921875 0.128125
0 0.1390625 0.52421875 0.03046875 0.03046875
0 0.30859375 0.21484375 0.1140625 0.14921875
0 0.62421875 0.02421875 0.0796875 0.0484375
0 0.70390625 0.125 0.0375 0.04765625
0 0.9625 0.03359375 0.06796875 0.0671875
0 0.5625 0.97265625 0.103125 0.0546875
0 0.9359375 0.721875 0.034375 0.0609375
0 0.98828125 0.765625 0.0234375 0.08125